14
4000
1000
2019
7
25
2019
9
17
0
flechas sin curare
1
2525
123456.78
3333
1111
3000
1000
2019
8
19
2019
8
24
0
guantes de pianista
2
220
23000.00
4444
1111
3000
2000
2019
9
4
2019
9
8
1
cafe blanco
3
920
28750.24
4444
2222
3000
4000
2019
9
14
2019
9
22
1
mojito en coco
4
728
73000.32
4444
5678
1000
2000
2019
9
28
2019
10
31
1
bolsitas de azucar
5
1350
72000.00
5678
2222
2000
4000
2019
9
28
2019
10
4
1
panitos de azucar
6
320
32000.00
2222
3333
2000
1000
2019
9
30
2019
10
4
1
disco flojo
7
850
50321.45
1111
1111
2000
4000
2019
10
8
2019
10
12
0
reloj antiguo
8
1073
183225.15
2222
9999
4000
2000
2019
10
15
2019
10
22
0
lentes de escritura
9
495
28000.00
3333
2222
2000
3000
2019
10
19
2019
11
1
0
bolsitas de azucar
10
2525
223041.33
5678
4444
2000
3000
2019
10
22
2019
10
30
0
escamas de vaca
11
625
53204.33
2222
4444
1000
3000
2019
10
30
2019
11
4
1
curitas para dedo gordo
12
850
30000.00
1111
3000
2000
1000
2019
10
31
2019
11
3
1
plumas de gato
13
120
123000.20
2222
1111
2000
1000
2019
11
1
2019
11
3
0
alas de arbol
14
457
82573.01
2222
7777